Part one: 868
2020409498512
2020409498513
10809942857493
15833326205797
20753943053572
26392981832048
31917117922914
34077459182861
41749006858622
41749006858622
50899806602568
53498304611067
61641386395983
70475724803704
71476667916353
72610827321812
73828954111068
74524948975609
75475032395596
76526080063341
77632426688474
78785040359990
82739490947292
82739490947292
91024067485337
99300079175333
103697640811728
103697640811728
112602413285185
119326613429129
122420293179842
123946485247056
131282276978058
131664742722233
131664742722233
133168028889494
133286158975157
133614070485386
133979736497382
133979736497382
134261966072861
134654293556154
135273702699110
135752935675329
135752935675329
136031474719714
136893495537949
136893495537949
137167742337992
137784042454372
140020791580455
142132531346043
148783445784670
153034818227400
163457238066213
166867276405365
173953027389371
173953027389372
181598181282532
185652825479208
192711220582644
195435929723019
203839219483157
203839219483157
215608453928184
218347151677709
222613372587062
226711219326391
231611686269733
232449072996959
233299681147638
234587388109332
235635330848985
236387775465212
237519915568507
238631856949366
239362201739794
242471956463321
243603050472076
243603050472076
243856713965175
244999949675850
244999949675850
245241776827571
246461419852156
246461419852156
247170936427773
247479120838145
247635420618152
248986021389910
249600206770349
250248951956584
252104186307035
252104186307035
262675114041629
262675114041629
273530143840563
276637728866547
283722612347495
283722612347495
292145500212003
292145500212003
305187053481863
314266885205282
317448008624870
321885261062598
322876735023384
323013740729363
324576992288902
324922873483849
325646224334292
327348264387941
327561022376665
329912182745310
329912182745310
332441272969558
335780791417434
342031782279918
342988184222313
343907345660132
344929686478190
345992126286124
346979435906074
348023446284659
349204609735176
349945753303336
354383952572690
357973561889555
364741905307008
366414367343123
374162092970043
376155658293602
385779390535182
385779390535182
393079650593881
397748480001034
403656227860835
403656227860836
413510315014473
415465248953494
424346163029900
426124866409633
435010996678516
438390869383638
442834205538352
447108362422936
453739749815969
455640553554951
464852542067488
464852542067488
473454317579521
473454317579521
483916138291259
486150733366819
496191249922313
502733798128162
504302623647034
504302623647034
504302623647034
504302623647034
504676621204473
505178666516591
505605330381036
506207894991252
507326835905711
507770887945018
508484714248278
508484714248278
509344387593849
510534926915260
511152287424346
511832090589807
516853543506548
521402105555623
527028483603237
527028483603237
537068214024169
541917811955625
544396384414553
544396384414554
552959255039459
553872392553945
555061918895904
555687085700713
556942026237883
557866275687601
558677362576826
559603756857369
560605314311115
561261795684072
0
0
0
0
0
0
0
0
0
0
0
0
0
0
0
0
0
0
0
0
0
0
0
0
0
0
0
0
0
0
0
0
0
0
0
0
0
0
0
0
0
0
0
0
0
0
0
0
0
0
0
0
0
0
0
0
0
0
0
0
0
0
0
0
0
0
Part two: 277286418545418
